{
  "accessors": [
    {
      "bufferView": 2,
      "componentType": 5126,
      "count": 2995,
      "max": [
        2.4178099632263184,
        2.4178099632263184,
        4.813330173492432
      ],
      "min": [
        -2.4178099632263184,
        -2.4178099632263184,
        -4.518089771270752
      ],
      "type": "VEC3"
    },
    {
      "bufferView": 2,
      "byteOffset": 35940,
      "componentType": 5126,
      "count": 2995,
      "max": [
        0.9987998008728027,
        0.9987998008728027,
        1.0
      ],
      "min": [
        -0.9987998008728027,
        -0.9987998008728027,
        -1.0
      ],
      "type": "VEC3"
    },
    {
      "bufferView": 1,
      "componentType": 5126,
      "count": 2995,
      "max": [
        0.9970399737358093,
        0.9838299751281738
      ],
      "min": [
        0.0009599999757483602,
        0.002580000087618828
      ],
      "type": "VEC2"
    },
    {
      "bufferView": 1,
      "byteOffset": 23960,
      "componentType": 5126,
      "count": 2995,
      "max": [
        0.9970399737358093,
        0.9838299751281738
      ],
      "min": [
        0.0009599999757483602,
        0.002580000087618828
      ],
      "type": "VEC2"
    },
    {
      "bufferView": 1,
      "byteOffset": 47920,
      "componentType": 5126,
      "count": 2995,
      "max": [
        0.9970399737358093,
        0.9838299751281738
      ],
      "min": [
        0.0009599999757483602,
        0.002580000087618828
      ],
      "type": "VEC2"
    },
    {
      "bufferView": 1,
      "byteOffset": 71880,
      "componentType": 5126,
      "count": 2995,
      "max": [
        0.9970399737358093,
        0.9838299751281738
      ],
      "min": [
        0.0009599999757483602,
        0.002580000087618828
      ],
      "type": "VEC2"
    },
    {
      "bufferView": 1,
      "byteOffset": 95840,
      "componentType": 5126,
      "count": 2995,
      "max": [
        0.9970399737358093,
        0.9838299751281738
      ],
      "min": [
        0.0009599999757483602,
        0.002580000087618828
      ],
      "type": "VEC2"
    },
    {
      "bufferView": 0,
      "componentType": 5125,
      "count": 8682,
      "type": "SCALAR"
    }
  ],
  "asset": {
    "extras": {
      "author": "Robukan (https://sketchfab.com/robukan)",
      "license": "CC-BY-NC-ND-4.0 (http://creativecommons.org/licenses/by-nc-nd/4.0/)",
      "source": "https://sketchfab.com/3d-models/french-coke-can-6a35d2c1bfe143e4b7e27a9e5324a905",
      "title": "French Coke can"
    },
    "generator": "Sketchfab-12.68.0",
    "version": "2.0"
  },
  "bufferViews": [
    {
      "buffer": 0,
      "byteLength": 34728,
      "name": "floatBufferViews",
      "target": 34963
    },
    {
      "buffer": 0,
      "byteLength": 119800,
      "byteOffset": 34728,
      "byteStride": 8,
      "name": "floatBufferViews",
      "target": 34962
    },
    {
      "buffer": 0,
      "byteLength": 71880,
      "byteOffset": 154528,
      "byteStride": 12,
      "name": "floatBufferViews",
      "target": 34962
    }
  ],
  "buffers": [
    {
      "byteLength": 226408,
      "uri": "scene.bin"
    }
  ],
  "images": [
    {
      "uri": "textures/CanMat_baseColor.png"
    }
  ],
  "materials": [
    {
      "doubleSided": true,
      "name": "CanMat",
      "pbrMetallicRoughness": {
        "baseColorFactor": [
          0.8000000119,
          0.8000000119,
          0.8000000119,
          1.0
        ],
        "baseColorTexture": {
          "index": 0
        },
        "metallicFactor": 0.0,
        "roughnessFactor": 0.6
      }
    }
  ],
  "meshes": [
    {
      "name": "Cylinder.001_0",
      "primitives": [
        {
          "attributes": {
            "NORMAL": 1,
            "POSITION": 0,
            "TEXCOORD_0": 2,
            "TEXCOORD_1": 3,
            "TEXCOORD_2": 4,
            "TEXCOORD_3": 5,
            "TEXCOORD_4": 6
          },
          "indices": 7,
          "material": 0,
          "mode": 4
        }
      ]
    }
  ],
  "nodes": [
    {
      "children": [
        1
      ],
      "matrix": [
        1.0,
        0.0,
        0.0,
        0.0,
        0.0,
        2.220446049250313e-16,
        -1.0,
        0.0,
        0.0,
        1.0,
        2.220446049250313e-16,
        0.0,
        0.0,
        0.0,
        0.0,
        1.0
      ],
      "name": "Sketchfab_model"
    },
    {
      "children": [
        2,
        4,
        6,
        8,
        10,
        12,
        14
      ],
      "name": "Root"
    },
    {
      "children": [
        3
      ],
      "matrix": [
        -0.29086000000000006,
        0.9551700000000001,
        -0.05519000000000001,
        0.0,
        -0.7711,
        -0.19988000000000003,
        0.6045200000000001,
        0.0,
        0.5663900000000001,
        0.21839000000000003,
        0.7946700000000001,
        0.0,
        4.076250000000001,
        1.00545,
        5.903860000000001,
        1.0
      ],
      "name": "Lamp"
    },
    {
      "name": "Lamp"
    },
    {
      "children": [
        5
      ],
      "matrix": [
        0.35368000000000005,
        0.0,
        0.0,
        0.0,
        0.0,
        0.35368000000000005,
        -0.0,
        0.0,
        0.0,
        0.0,
        0.35368000000000005,
        0.0,
        0.0,
        0.0,
        1.91044,
        1.0
      ],
      "name": "Cylinder.001"
    },
    {
      "mesh": 0,
      "name": "Cylinder.001_0"
    },
    {
      "children": [
        7
      ],
      "matrix": [
        -0.29086000000000006,
        0.9551700000000001,
        -0.05519000000000001,
        0.0,
        -0.7711,
        -0.19988000000000003,
        0.6045200000000001,
        0.0,
        0.5663900000000001,
        0.21839000000000003,
        0.7946700000000001,
        0.0,
        4.076250000000001,
        1.00545,
        5.903860000000001,
        1.0
      ],
      "name": "Lamp.001"
    },
    {
      "name": "Lamp.001"
    },
    {
      "children": [
        9
      ],
      "matrix": [
        -0.29086000000000006,
        0.9551700000000001,
        -0.05519000000000001,
        0.0,
        -0.7711,
        -0.19988000000000003,
        0.6045200000000001,
        0.0,
        0.5663900000000001,
        0.21839000000000003,
        0.7946700000000001,
        0.0,
        -7.9547099999999995,
        1.00545,
        5.903860000000001,
        1.0
      ],
      "name": "Lamp.002"
    },
    {
      "name": "Lamp.002"
    },
    {
      "children": [
        11
      ],
      "matrix": [
        -0.29086000000000006,
        0.9551700000000001,
        -0.05519000000000001,
        0.0,
        -0.7711,
        -0.19988000000000003,
        0.6045200000000001,
        0.0,
        0.5663900000000001,
        0.21839000000000003,
        0.7946700000000001,
        0.0,
        -1.99603,
        -7.917260000000001,
        5.903860000000001,
        1.0
      ],
      "name": "Lamp.003"
    },
    {
      "name": "Lamp.003"
    },
    {
      "children": [
        13
      ],
      "matrix": [
        -0.29086000000000006,
        0.9551700000000001,
        -0.05519000000000001,
        0.0,
        -0.7711,
        -0.19988000000000003,
        0.6045200000000001,
        0.0,
        0.5663900000000001,
        0.21839000000000003,
        0.7946700000000001,
        0.0,
        -1.99603,
        6.9039,
        5.903860000000001,
        1.0
      ],
      "name": "Lamp.004"
    },
    {
      "name": "Lamp.004"
    },
    {
      "children": [
        15
      ],
      "matrix": [
        -0.29086000000000006,
        0.9551700000000001,
        -0.05519000000000001,
        0.0,
        -0.7711,
        -0.19988000000000003,
        0.6045200000000001,
        0.0,
        0.5663900000000001,
        0.21839000000000003,
        0.7946700000000001,
        0.0,
        0.06411000000000001,
        -0.044100000000000014,
        -4.9451,
        1.0
      ],
      "name": "Lamp.005"
    },
    {
      "name": "Lamp.005"
    }
  ],
  "samplers": [
    {
      "magFilter": 9729,
      "minFilter": 9987,
      "wrapS": 10497,
      "wrapT": 10497
    }
  ],
  "scene": 0,
  "scenes": [
    {
      "name": "Sketchfab_Scene",
      "nodes": [
        0
      ]
    }
  ],
  "textures": [
    {
      "sampler": 0,
      "source": 0
    }
  ]
}
